24.981113902693025
91.96063163184343
54.5059121504209
-56.41317050174679
-29.163002810284482
-78.19061007613
57.48355574332075
54.25895860737688
-5.952969483106088
-92.33415313810427
34.02397698710149
64.8188804354929
-95.50964082202628
34.439722627935765
-5.84775594064466
-23.821043141857174
-90.2017087888715
35.20318353826795
-38.646123926908935
-81.19937732157238
95.20997282469935
-55.90484094327963
-99.89708727755252
-47.54295983979302
28.498458796607565
-38.20851241889534
31.256361776320688
-70.04382068348323
19.514279926399396
76.61333824729809
-76.44641737153628
80.49454849199378
-4.661061079475928
86.1043039708986
34.02942472921953
-51.805502353159305
-60.2639011610207
71.91425383254415
-89.02968147451654
7.510940836860172
-10.466522001845973
-4.914120998282272
70.1126797357521
69.5760506347331
-19.236141491801064
99.34775243632984
8.103522491950315
92.1833858647577
93.83889910382621
36.77542507415859
-73.18670667240461
10.995640576744762
59.72469409111778
63.189930953117255
-92.08863962081062
-79.30690762838182
-41.966576145896404
89.9209723126429
99.1848227957461
-47.837427932650776
-36.85927871803829
24.069711175499208
-47.598265369522096
-84.54036646064196
75.88367276160432
81.16401580767479
87.09004520614764
8.159426353072547
-83.9103239293153
12.10685905736058
-54.57612211256031
24.844504923292376
45.13176808872663
50.57619187059234
50.47918943899526
-54.13926751233602
37.90122065638084
57.54267492214191
-16.55902367439836
-67.8948252997975
30.03365403144832
16.32926511712094
-45.085277224002084
7.492703296996538
-71.07987838467136
-85.35542130948576
61.314937363018146
71.88087055419615
95.9799673653807
-60.720311920531756
-10.626039466007512
-45.38462521931797
82.86760551617203
4.665922235190735
60.134664490202454
-7.50865763790533
-64.26935658029385
-61.75107275358287
88.36077394882673
95.80833037013437
