663
5
562
462
114
649
592
949
530
726
70
818
705
80
26
336
181
314
752
556
164
388
17
311
692
693
238
159
746
807
275
604
927
546
804
924
454
670
534
545
306
384
595
629
376
448
6
10
903
907
872
755
68
640
794
16
771
827
459
420
684
443
759
282
573
226
493
128
856
891
32
242
997
539
246
618
729
691
995
933
566
276
643
417
205
39
859
50
728
470
279
850
43
937
666
672
961
186
220
169
476
744
250
497
768
569
852
492
537
718
412
812
570
809
591
698
402
636
115
506
221
560
293
831
700
948
814
61
451
367
103
483
381
168
734
272
79
791
408
722
353
1
644
86
27
659
832
486
249
557
765
742
926
611
654
351
703
778
702
781
863
563
878
996
49
73
784
479
131
183
987
857
395
985
392
695
295
65
828
564
660
719
109
199
202
357
105
745
405
78
776
572
455
370
368
208
772
430
931
307
287
7
63
994
820
553
773
708
923
679
48
124
934
179
255
144
767
696
196
335
263
938
33
31
339
983
518
463
4
113
15
902
637
925
433
3
101
597
500
627
712
905
984
66
574
920
669
235
851
151
542
880
833
890
76
426
678
37
800
972
380
520
491
56
788
647
522
661
792
171
956
668
625
156
440
163
710
206
89
721
13
143
609
976
254
354
213
517
117
588
280
568
93
879
913
428
707
853
963
780
762
210
475
683
790
529
731
686
355
826
928
177
617
458
441
917
233
350
787
896
999
325
764
614
834
294
886
194
195
552
256
239
291
132
861
53
783
323
786
605
646
870
296
180
822
435
912
292
969
977
366
130
919
407
365
580
709
216
565
69
338
723
166
379
191
613
222
485
875
841
371
821
957
427
160
793
126
830
283
699
152
18
932
628
225
265
554
162
867
619
72
35
123
524
360
436
876
499
954
711
869
662
884
631
550
432
386
161
528
602
118
694
286
157
464
532
523
549
332
979
952
211
489
840
107
680
414
858
910
667
55
248
739
505
964
769
825
67
551
899
187
111
122
317
331
675
326
52
393
512
514
634
982
136
967
288
396
223
57
508
302
119
319
673
548
813
538
352
536
11
741
423
747
598
385
502
758
29
374
229
796
898
730
141
815
823
596
704
763
757
603
810
415
584
854
958
959
930
835
916
129
252
231
955
1000
258
610
444
843
228
372
139
837
445
511
400
456
298
378
24
108
411
345
947
601
149
193
540
446
777
541
521
127
261
91
633
849
806
525
197
188
449
34
750
328
922
41
185
578
346
389
894
134
615
452
120
244
344
467
906
84
559
632
993
300
442
608
621
422
590
174
766
582
736
842
743
527
167
304
450
47
204
785
327
900
51
154
212
333
95
257
85
740
75
398
971
147
727
797
630
921
687
273
165
460
846
453
587
690
377
638
847
102
94
607
651
871
201
125
555
724
688
503
946
271
364
404
383
158
873
182
526
725
60
342
738
391
944
585
803
42
658
975
579
190
533
316
962
77
198
19
478
504
434
447
59
561
720
362
941
918
218
620
829
146
567
624
606
54
893
62
942
21
950
178
543
36
737
322
864
487
232
811
935
874
403
866
586
22
888
387
897
733
148
481
805
112
635
626
953
547
192
965
991
145
904
960
58
40
988
877
885
290
431
676
110
397
496
348
882
642
482
343
274
974
868
8
25
310
915
855
889
799
207
911
677
770
28
209
309
394
980
200
839
599
468
247
189
44
170
375
215
409
779
410
299
359
382
510
929
90
774
844
466
945
253
735
892
278
234
490
819
219
38
836
349
515
172
990
224
488
390
519
214
531
650
716
507
83
986
30
241
860
940
401
330
121
437
82
535
801
681
268
968
748
14
439
175
513
153
516
494
2
657
133
881
138
116
369
240
682
347
245
243
236
782
754
406
845
713
259
895
583
671
575
473
305
989
12
472
23
217
262
656
865
320
623
966
674
418
645
301
46
593
135
98
641
689
581
622
998
477
901
706
264
334
471
176
802
270
457
652
373
20
685
469
100
87
81
416
74
480
92
227
509
363
655
665
789
798
594
576
361
64
973
824
318
753
104
749
816
184
419
795
106
356
600
321
260
173
150
421
99
697
558
285
612
140
577
715
438
648
281
939
142
313
639
251
498
424
358
908
45
329
701
269
413
341
399
981
732
289
571
312
315
308
71
887
544
664
266
230
155
425
951
465
817
808
862
760
714
970
429
909
9
848
756
484
461
751
237
653
914
88
203
501
340
936
495
474
137
589
277
284
761
97
978
324
717
943
838
775
883
96
297
992
337
303
267
