649
215
872
616
909
799
322
78
352
313
614
359
620
598
189
811
898
266
60
947
198
247
674
389
895
386
941
578
636
170
688
421
591
61
704
487
746
602
744
227
751
368
166
220
428
197
300
263
794
236
238
907
997
851
703
775
68
832
714
289
341
528
388
393
831
536
783
229
396
752
56
882
571
988
673
331
859
576
222
398
93
45
366
769
355
283
691
753
408
354
931
583
675
953
899
963
504
444
159
24
562
705
190
856
592
245
768
921
865
678
762
861
264
885
63
332
625
288
305
297
27
424
163
531
168
158
971
535
825
367
53
448
225
310
914
632
433
734
361
652
641
624
987
342
279
998
192
722
308
707
766
647
110
821
273
217
25
440
179
787
671
94
11
431
272
793
863
69
17
870
258
2
377
124
261
267
224
41
890
280
919
699
241
140
57
778
848
488
296
982
554
745
237
889
382
492
581
906
718
943
618
89
484
743
184
106
514
607
13
600
16
945
126
465
525
250
880
437
817
806
36
960
529
922
205
790
162
601
849
298
505
924
40
81
810
334
172
551
104
733
973
739
666
596
276
750
939
628
979
959
754
20
44
706
804
807
700
269
314
146
301
246
586
946
901
7
523
765
785
108
918
497
875
182
553
454
1
681
213
326
995
645
970
948
111
857
724
544
142
290
519
476
715
855
747
648
134
32
695
406
412
732
490
605
260
330
450
473
438
253
449
455
613
210
471
400
130
336
690
740
86
868
637
996
185
845
356
698
761
479
372
442
348
304
496
900
489
840
676
178
226
174
876
694
538
639
347
956
188
422
443
667
730
383
195
737
952
748
10
634
573
127
483
975
37
138
277
362
286
485
801
494
980
937
606
749
662
502
371
555
585
284
846
828
416
892
244
689
23
463
435
333
160
651
64
566
822
933
291
611
426
781
858
499
128
5
786
71
565
773
6
470
415
268
816
501
532
155
709
847
320
338
884
42
337
460
792
944
727
480
656
991
321
112
524
307
96
29
820
552
100
993
249
67
789
365
87
518
567
836
654
121
958
66
969
46
935
116
526
702
401
18
962
353
824
43
687
541
735
212
167
908
633
839
418
219
888
670
961
920
92
90
436
779
693
482
660
646
152
423
784
344
429
259
392
306
798
650
686
540
38
102
726
728
683
456
461
777
464
345
262
88
630
395
965
874
764
458
248
955
696
978
378
580
886
193
91
617
967
73
318
593
114
441
403
677
719
335
823
928
537
923
563
206
151
640
358
629
292
12
411
115
397
369
833
584
795
815
303
604
148
75
516
672
819
129
374
165
302
985
622
575
425
309
462
357
446
242
486
316
791
878
954
196
720
663
103
814
385
133
950
240
282
543
644
711
510
457
925
559
55
860
511
350
966
515
150
731
968
413
853
643
109
972
812
467
74
534
312
904
360
938
803
887
201
776
252
364
802
615
852
80
550
149
893
658
896
373
327
30
951
721
164
560
597
469
107
842
117
315
527
759
233
507
207
83
692
603
445
325
929
589
774
903
340
989
208
736
659
175
52
265
203
324
561
881
680
432
808
50
556
131
612
984
713
582
295
498
251
877
546
118
328
610
154
381
65
293
405
28
879
572
101
84
506
837
376
757
31
841
932
79
475
579
145
452
684
758
729
627
119
915
547
15
319
135
459
788
147
913
763
682
508
717
818
141
311
512
638
477
949
977
97
211
349
940
232
685
51
771
916
274
590
891
835
655
862
587
557
503
468
410
239
176
430
105
976
800
417
669
653
864
813
427
850
772
472
796
281
394
9
257
716
70
98
99
574
62
917
82
202
609
608
838
994
549
120
363
873
54
522
384
123
19
738
399
47
912
58
974
223
664
34
132
871
999
39
983
48
21
599
270
370
200
642
548
869
520
936
85
113
934
826
243
285
95
843
275
194
231
379
414
235
343
782
59
854
125
409
805
595
186
8
866
351
255
742
679
287
829
657
77
927
755
780
181
346
33
770
317
588
329
214
545
990
294
143
254
756
216
76
539
387
911
339
122
447
420
708
558
725
474
701
234
533
767
910
491
451
481
942
741
577
256
760
14
902
957
570
183
4
380
323
136
218
49
169
964
986
495
621
466
230
830
22
834
509
564
844
894
144
568
619
177
404
797
180
407
139
930
26
521
723
542
402
157
926
3
161
390
204
271
827
661
594
697
173
992
375
530
35
493
191
221
228
809
187
883
897
299
478
668
209
434
278
665
981
419
391
631
171
905
1000
517
500
623
156
626
712
199
867
72
137
439
635
710
569
153
453
513
